-2.765198520572523133e+00 -2.766600629499428532e+00 -2.768475110382961457e+00 -2.770828216858633564e+00 -2.773668658444407686e+00 -2.777007377461462756e+00 -2.780857280696302336e+00 -2.785232940492370801e+00 -2.790150282725735842e+00 -2.795626280593708213e+00
-2.334621483525031405e+00 -2.335952125070997365e+00 -2.337640673681239623e+00 -2.339693424873891203e+00 -2.342118836580429964e+00 -2.344927027047055024e+00 -2.348129217944357805e+00 -2.351737179511319997e+00 -2.355762736651104472e+00 -2.360217390396722070e+00
-2.147697095092216735e+00 -2.149373890314616453e+00 -2.151555846115575044e+00 -2.154238290514229881e+00 -2.157414313593907451e+00 -2.161074401585556526e+00 -2.165206137349206639e+00 -2.169794062028809201e+00 -2.174819787158887241e+00 -2.180262421837682041e+00
-2.033931910543263832e+00 -2.036397268767259572e+00 -2.039791257349945042e+00 -2.044081872210894879e+00 -2.049224560898566416e+00 -2.055162977475807562e+00 -2.061830214637867087e+00 -2.069150604232412149e+00 -2.077042130210513982e+00 -2.085419404432737434e+00
-1.954598201067901497e+00 -1.958039421663128277e+00 -1.962959054529210823e+00 -1.969294983752273964e+00 -1.976959751831823819e+00 -1.985841785992765285e+00 -1.995807956265025940e+00 -2.006707866804267937e+00 -2.018380006782269476e+00 -2.030659392120411244e+00
-1.905541036035708347e+00 -1.909611248394792238e+00 -1.915525079424164945e+00 -1.923213354838996247e+00 -1.932577172840278967e+00 -1.943487805339186192e+00 -1.955787548515162344e+00 -1.969292835367634664e+00 -1.983801087491747106e+00 -1.999101855646004733e+00
-1.879329637977337653e+00 -1.883426159463685412e+00 -1.889418629599390886e+00 -1.897218674635301028e+00 -1.906712806825415996e+00 -1.917771594319504613e+00 -1.930255496919702551e+00 -1.944017012070811123e+00 -1.958901810156244760e+00 -1.974753280867475702e+00
-1.842410625159552451e+00 -1.845484243607514951e+00 -1.850561154039323641e+00 -1.857181200818805111e+00 -1.865421031705445154e+00 -1.875392069597560996e+00 -1.886951855606421757e+00 -1.899927475391396614e+00 -1.914214721567653266e+00 -1.929785593725707571e+00
-1.945924845956906291e+00 -1.939045744252366976e+00 -1.929305402156972882e+00 -1.917135563954689648e+00 -1.897104568797344681e+00 -1.872598310532557653e+00 -1.870883942178176218e+00 -1.871338488044795190e+00 -1.877332573664973747e+00 -1.889243280638283728e+00
-2.241567281830473046e+00 -2.269115844137652882e+00 -2.220488856925262322e+00 -2.050037400951017830e+00 -2.104627878818266407e+00 -2.077641937361933255e+00 -2.024962480205747095e+00 -2.004120362933321076e+00 -1.991036500063273040e+00 -1.983827108308448439e+00
