-2.998837881363612734e+00 -3.004327455433882577e+00 -3.013187036481397740e+00 -3.025031823519716667e+00 -3.039405735690233090e+00 -3.055833846974707946e+00 -3.073863201145754065e+00 -3.093088559623352385e+00 -3.113164363988389471e+00 -3.133806454650930995e+00 -3.154787463871832731e+00 -3.175929146134640835e+00 -3.197093871403512644e+00 -3.218176588839832153e+00 -3.239097887141865861e+00 -3.259798294094787607e+00 -3.280233757415504048e+00 -3.300372153243662954e+00 -3.320190577065297077e+00 -3.339673305110074431e+00
-2.305702567413730808e+00 -2.311224133022381722e+00 -2.320126309941447307e+00 -2.332012028119972324e+00 -2.346413560870726389e+00 -2.362847266494953580e+00 -2.380855251375006532e+00 -2.400030850356663414e+00 -2.420029753426428343e+00 -2.440570772541934108e+00 -2.461430420605684954e+00 -2.482434635873600914e+00 -2.503449877980279403e+00 -2.524374875715419186e+00 -2.545133558834396403e+00 -2.565669325207896811e+00 -2.585940530988848352e+00 -2.605917016854982116e+00 -2.625577469251067608e+00 -2.644907399869136366e+00
-1.900257625785666704e+00 -1.905834854481112783e+00 -1.914815463351636993e+00 -1.926786021342719035e+00 -1.941263271510406785e+00 -1.957751802194704460e+00 -1.975786707242094709e+00 -1.994958645747240356e+00 -2.014923881820468221e+00 -2.035403880189095460e+00 -2.056178909502554664e+00 -2.077079069461688299e+00 -2.097974953240876239e+00 -2.118769127255672124e+00 -2.139388946373140143e+00 -2.159780762785350028e+00 -2.179905428733500905e+00 -2.199734846838565794e+00 -2.219249378586857890e+00 -2.238435883321256092e+00
-1.612604263727626108e+00 -1.618261475858300713e+00 -1.627357215264221502e+00 -1.639457426179669497e+00 -1.654059339165750986e+00 -1.670652703067349254e+00 -1.688763540465455515e+00 -1.707978595474724637e+00 -1.727954026911249441e+00 -1.748413610349047076e+00 -1.769141223885745129e+00 -1.789971102167228434e+00 -1.810778006933910556e+00 -1.831468432599824059e+00 -1.851973266088229764e+00 -1.872241945619366410e+00 -1.892237946447389296e+00 -1.911935365758940408e+00 -1.931316368993845733e+00 -1.950369282808605886e+00
-1.389498390119543902e+00 -1.395261033851033394e+00 -1.404510098126598550e+00 -1.416786291124824126e+00 -1.431563117424304421e+00 -1.448312306339491595e+00 -1.466548720660090011e+00 -1.485853953944683337e+00 -1.505883390372391828e+00 -1.526362790089587307e+00 -1.547079521235716681e+00 -1.567871959138927851e+00 -1.588619127331222902e+00 -1.609231592165044633e+00 -1.629643958245584834e+00 -1.649808948025747179e+00 -1.669692868480809445e+00 -1.689272209801515379e+00 -1.708531128721414216e+00 -1.727459589078116364e+00
-1.207224130441118426e+00 -1.213119381231726246e+00 -1.222562224718810597e+00 -1.235062948265718497e+00 -1.250066711576576672e+00 -1.267023844962483325e+00 -1.285435911765868910e+00 -1.304878148947143934e+00 -1.325004562631416860e+00 -1.345542654813844052e+00 -1.366283251586262404e+00 -1.387068967946421205e+00 -1.407783272640908079e+00 -1.428341043144969458e+00 -1.448680874544616914e+00 -1.468759063348991312e+00 -1.488545036566727209e+00 -1.508017955492620299e+00 -1.527164223225597750e+00 -1.545975668769221656e+00
-1.053131329377836822e+00 -1.059188890362690261e+00 -1.068869207214826256e+00 -1.081646070103089219e+00 -1.096931056459625964e+00 -1.114149437807974374e+00 -1.132787307565849444e+00 -1.152412451193824516e+00 -1.172677064184221907e+00 -1.193310332380613126e+00 -1.214106681977940472e+00 -1.234913219686943675e+00 -1.255618171113979109e+00 -1.276141071491342371e+00 -1.296424868405254172e+00 -1.316429796277524211e+00 -1.336128759470107452e+00 -1.355503928108104494e+00 -1.374544263079287676e+00 -1.393243735164809260e+00
-9.196698039877936326e-01 -9.259230280138684988e-01 -9.358890711453898836e-01 -9.489977953046080383e-01 -9.646210775836896456e-01 -9.821551359702253015e-01 -1.001068482362099443e+00 -1.020920619865844703e+00 -1.041361836533176044e+00 -1.062123266208059746e+00 -1.083003354176420130e+00 -1.103854165788790809e+00 -1.124569153427712909e+00 -1.145072962683739703e+00 -1.165313325858857718e+00 -1.185254824191680267e+00 -1.204874225382878139e+00 -1.224157065962964808e+00 -1.243095196204134778e+00 -1.261685030808841868e+00
-8.019706920453841814e-01 -8.084582162130248273e-01 -8.187646369584243855e-01 -8.322664249660184366e-01 -8.482884378597509434e-01 -8.661935204138283551e-01 -8.854307413758555345e-01 -9.055510025735805657e-01 -9.262031442815048532e-01 -9.471210081581226126e-01 -9.681078630978999788e-01 -9.890214741833629475e-01 -1.009761161933763418e+00 -1.030257233869386280e+00 -1.050462677832544989e+00 -1.070346835008502140e+00 -1.089890701161797537e+00 -1.109083510761043279e+00 -1.127920305623087094e+00 -1.146400219560654632e+00
-6.967112382133917592e-01 -7.034794301399117655e-01 -7.141899040471632043e-01 -7.281532443028286838e-01 -7.446384074569714073e-01 -7.629703523729479686e-01 -7.825774395202893530e-01 -8.030025221521305268e-01 -8.238942986955328784e-01 -8.449907600519158679e-01 -8.661012952311820667e-01 -8.870904214030165269e-01 -9.078641502555531151e-01 -9.283590775620532698e-01 -9.485339291401228001e-01 -9.683631819819782383e-01 -9.878323635568644345e-01 -1.006934661335792791e+00 -1.025668529680616947e+00 -1.044036024275786234e+00
-6.015239310302484821e-01 -6.086306189683948764e-01 -6.198216295955698563e-01 -6.343246573195112648e-01 -6.513419643322676533e-01 -6.701562916925950519e-01 -6.901752070489708402e-01 -7.109354466267187034e-01 -7.320880592974498002e-01 -7.533774990407728911e-01 -7.746211360596182427e-01 -7.956916274493902597e-01 -8.165026579238177096e-01 -8.369977883989181411e-01 -8.571419452661355187e-01 -8.769150559230138864e-01 -8.963073943450649006e-01 -9.153162494705513463e-01 -9.339435968047524739e-01 -9.521944989980982710e-01
-5.146644623931042606e-01 -5.221847026577082218e-01 -5.339509695964871350e-01 -5.490844045503018300e-01 -5.667077107685336568e-01 -5.860580986762201627e-01 -6.065243819070338382e-01 -6.276411705528902596e-01 -6.490659198284576270e-01 -6.705528902701708427e-01 -6.919298941528433389e-01 -7.130794138258579329e-01 -7.339239011438627447e-01 -7.544145687993479843e-01 -7.745229558651610668e-01 -7.942346756200485691e-01 -8.135448671255607334e-01 -8.324549612890582706e-01 -8.509704407277843830e-01 -8.690993283577548301e-01
-4.348141127367500247e-01 -4.428491974007903731e-01 -4.553113114731929256e-01 -4.711817199566780690e-01 -4.894890949710971606e-01 -5.094245253190585743e-01 -5.303636974247124547e-01 -5.518460011867686310e-01 -5.735412809395613598e-01 -5.952180492745983154e-01 -6.167175618094550282e-01 -6.379340096515777603e-01 -6.587997262689300193e-01 -6.792741937466330038e-01 -6.993358819310765417e-01 -7.189762283357427064e-01 -7.381952629569247248e-01 -7.569985068721855059e-01 -7.753948400594437018e-01 -7.933950911330966971e-01
-3.609574309582730955e-01 -3.696490692580973736e-01 -3.829637902540483085e-01 -3.996962541878572583e-01 -4.187671401142622485e-01 -4.393267326914839788e-01 -4.607489261183074780e-01 -4.825886481985002252e-01 -5.045362671439799218e-01 -5.263799967703350902e-01 -5.479778799330827788e-01 -5.692377047377416011e-01 -5.901026563525800794e-01 -6.105409211774783795e-01 -6.305380479909904468e-01 -6.500912995442217346e-01 -6.692055259906510845e-01 -6.878902176136580948e-01 -7.061574876812291013e-01 -7.240207566023891816e-01
-2.923056663226564211e-01 -3.018584740067304928e-01 -3.162314614702688154e-01 -3.339693631393452211e-01 -3.538773286218884206e-01 -3.750815159598893112e-01 -3.969737332896569049e-01 -4.191397829371534267e-01 -4.413006942434649083e-01 -4.632704441266377593e-01 -4.849271614716100243e-01 -5.061938129277402387e-01 -5.270250290910417634e-01 -5.473977861401613243e-01 -5.673045684275759282e-01 -5.867482579280399735e-01 -6.057383212340012868e-01 -6.242880350775230625e-01 -6.424125626750182283e-01 -6.601277068156624628e-01
-2.282521421655694105e-01 -2.389696446816893249e-01 -2.546680993040582042e-01 -2.735649948846690105e-01 -2.943626062385865660e-01 -3.161991033290433850e-01 -3.385147157344426394e-01 -3.609458836827648676e-01 -3.832555913615183774e-01 -4.052894359154576853e-01 -4.269482791584727210e-01 -4.481711207941782016e-01 -4.689239638748927130e-01 -4.891920888996452721e-01 -5.089743277195504234e-01 -5.282786461135728917e-01 -5.471187135687074488e-01 -5.655113072395936413e-01 -5.834744468795344252e-01 -6.010261614164346122e-01
-1.683593090852721907e-01 -1.807025912326039041e-01 -1.980581045083542324e-01 -2.182510344101794841e-01 -2.399416250438119735e-01 -2.623446950379373366e-01 -2.849901749990331745e-01 -3.075871911082332377e-01 -3.299512042908705478e-01 -3.519637794750648530e-01 -3.735497079706094903e-01 -3.946636587746754077e-01 -4.152819389430140173e-01 -4.353968425940746290e-01 -4.550123125442161465e-01 -4.741403678094657237e-01 -4.927981255015326245e-01 -5.110053825449298870e-01 -5.287827607518191808e-01 -5.461504118393256668e-01
-1.124116833759078726e-01 -1.270947335763014385e-01 -1.464603125146730078e-01 -1.679999682704979291e-01 -1.904875608577799584e-01 -2.133088108441586472e-01 -2.361278518325645448e-01 -2.587449499579671519e-01 -2.810344197885104034e-01 -3.029148922790663723e-01 -3.243339348700725044e-01 -3.452598129998286081e-01 -3.656767619091349508e-01 -3.855817452628431674e-01 -4.049817072478185120e-01 -4.238909848356658960e-01 -4.423288488694062104e-01 -4.603172736049258029e-01 -4.778790484413505957e-01 -4.950363278534731792e-01
-6.078668748736834604e-02 -7.884947130276116767e-02 -1.003505494393083231e-01 -1.230219701649045427e-01 -1.460209807742136046e-01 -1.689879274629353667e-01 -1.917424809090647608e-01 -2.141782285455244295e-01 -2.362252167685878479e-01 -2.578349149582843114e-01 -2.789733552868715050e-01 -2.996182184156589989e-01 -3.197577284889949745e-01 -3.393899088807776909e-01 -3.585215098431512315e-01 -3.771664950403005312e-01 -3.953441932822370775e-01 -4.130772997529923996e-01 -4.303899340991199640e-01 -4.473059481151990813e-01
-1.744641983289838341e-02 -3.862816192611515098e-02 -6.099280625793487842e-02 -8.385538408407769428e-02 -1.067240233887583600e-01 -1.293795533269612164e-01 -1.517273405398042729e-01 -1.737149878705882555e-01 -1.953067526471357340e-01 -2.164750127384919565e-01 -2.371965415510870756e-01 -2.574521846423691307e-01 -2.772285782305102253e-01 -2.965198218557386078e-01 -3.153280616841874773e-01 -3.336630469044075120e-01 -3.515409710452653824e-01 -3.689828242610041498e-01 -3.860124543349324200e-01 -4.026546024300518001e-01
-4.022798456966611425e-03 -1.271081898031425211e-02 -3.085048731017593984e-02 -5.146097232491345791e-02 -7.296120822792442895e-02 -9.458181346738994688e-02 -1.160522919937039821e-01 -1.372552920429239154e-01 -1.581323002871566075e-01 -1.786520304548457339e-01 -1.987916939692443707e-01 -2.185288829451551007e-01 -2.378424509445303814e-01 -2.567164881344484728e-01 -2.751429938214507431e-01 -2.931225519627201348e-01 -3.106638104932770705e-01 -3.277823088015761610e-01 -3.444987688574584483e-01 -3.608369838682653485e-01
1.004034448056367402e-03 -3.116024647007855936e-03 -1.133530516660958415e-02 -2.682466696166197276e-02 -4.524097966023706702e-02 -6.479391033701040192e-02 -8.474820585499578951e-02 -1.047574569187428306e-01 -1.246271214945553762e-01 -1.442638633660892067e-01 -1.636265750740058811e-01 -1.826869124022720281e-01 -2.014140521869334233e-01 -2.197774293888911379e-01 -2.377531195152008392e-01 -2.553269467596820386e-01 -2.724947606147164469e-01 -2.892616495588999359e-01 -3.056407160226517483e-01 -3.216512820472682832e-01
6.140943670461363781e-03 4.964376230520956869e-03 2.326060324735915695e-03 -9.177423219088064188e-03 -2.383334033607051317e-02 -4.035579308737058390e-02 -5.795413587708164033e-02 -7.621903576427652149e-02 -9.475132276777818718e-02 -1.132723192602338724e-01 -1.316560459146305651e-01 -1.498568790023271369e-01 -1.678425773070043314e-01 -1.855722665056947773e-01 -2.030041044655811200e-01 -2.201048007595572398e-01 -2.368526087165590543e-01 -2.532369794105217564e-01 -2.692576992507393907e-01 -2.849239695475306311e-01
1.203910111149098829e-02 1.484286053023561869e-02 1.486536669304955836e-02 4.937974825456939269e-03 -7.642269008642459290e-03 -2.137109324000172408e-02 -3.601055441916944933e-02 -5.175210836603061360e-02 -6.847750674461168530e-02 -8.564162367743093085e-02 -1.028744376811387695e-01 -1.200430965955816692e-01 -1.371146937770312824e-01 -1.540567506386645025e-01 -1.708182580528025407e-01 -1.873472157517423742e-01 -2.036027929797543379e-01 -2.195564975389981410e-01 -2.351905821283352682e-01 -2.504977019429931451e-01
2.084850143749111470e-02 2.319557995240515910e-02 2.437883523837763855e-02 1.641448776968298939e-02 6.179513445672688184e-03 -6.853724609876921808e-03 -1.881948802029199605e-02 -3.152609867733124904e-02 -4.575365484828576579e-02 -6.126128152311090952e-02 -7.721296132403474011e-02 -9.323356906746609052e-02 -1.092445054177034608e-01 -1.252395421527580377e-01 -1.411830530981060261e-01 -1.570133285479209662e-01 -1.726711818277763544e-01 -1.881126745273348499e-01 -2.033056659972643232e-01 -2.182251348767311749e-01
2.446360649260907044e-02 3.321768069672426105e-02 2.993051268163059511e-02 2.373551930640067920e-02 1.733516470584051117e-02 4.811471573539434152e-03 -5.184368288850015917e-03 -1.508782759155185421e-02 -2.646292300383910542e-02 -3.984898219573020789e-02 -5.442210882497456464e-02 -6.926388562951078798e-02 -8.415640756614549411e-02 -9.909069286391546105e-02 -1.140787759910411731e-01 -1.290813266376684143e-01 -1.440266296675189461e-01 -1.588504816964846078e-01 -1.735117479772139704e-01 -1.879799718428533384e-01
2.759377457996564989e-02 3.510861672487687601e-02 3.919969071822679979e-02 3.372310161494002090e-02 2.826889806296994587e-02 1.833014251628171942e-02 6.931370041625055031e-03 -1.010671176022865866e-03 -1.011338876432024518e-02 -2.129299293410030075e-02 -3.418563026775797015e-02 -4.782994816547071065e-02 -6.162577311978902767e-02 -7.548172236672670565e-02 -8.942070171190559524e-02 -1.034706627038302629e-01 -1.176010314700036280e-01 -1.317219777106622969e-01 -1.457593243120297311e-01 -1.596814598362041593e-01
3.572072066449417937e-02 5.075852619833604723e-02 5.059520191561091285e-02 4.148073931765291350e-02 4.049643829364378556e-02 2.986596537027690068e-02 2.140040049668012062e-02 1.158980149085217515e-02 3.678151459250541839e-03 -5.480803015220464883e-03 -1.628363120614568366e-02 -2.870586566316673735e-02 -4.139223568112277568e-02 -5.423306129181414137e-02 -6.710436650313218732e-02 -8.008859498503873020e-02 -9.326019815377069311e-02 -1.066014416689191058e-01 -1.199743505595102927e-01 -1.332829935059327564e-01
5.289251069478045214e-02 5.403645029103612552e-02 5.572210456162325631e-02 5.273823038857267109e-02 4.339194923320861125e-02 3.751750579115662593e-02 2.992224325448957292e-02 2.157775797271119234e-02 1.678768601509286057e-02 8.894586444824751151e-03 6.996151407778152974e-04 -1.127390929945503925e-02 -2.314084754170308775e-02 -3.494892048007682689e-02 -4.697191724647559186e-02 -5.890207847846154476e-02 -7.095971430655097223e-02 -8.333962020775104174e-02 -9.599039457421236488e-02 -1.086990522832825684e-01
5.982986153747978791e-02 6.004577917727550035e-02 5.797196981067107013e-02 6.080122278460135116e-02 5.507755714863443036e-02 5.513346385790509480e-02 4.512832798935582923e-02 3.657309761156957856e-02 3.359971985787282150e-02 1.750253132479142812e-02 1.395451601244438247e-02 5.203184573174745968e-03 -6.975146410466709877e-03 -1.718681948645492397e-02 -2.837107142514498637e-02 -3.957016738107237835e-02 -5.070446483984252656e-02 -6.194806484905009125e-02 -7.369230473781777924e-02 -8.574802619734403497e-02
7.157999743212722921e-02 7.254588549595626656e-02 6.754186494209345193e-02 7.061635823444700755e-02 6.978109468303780871e-02 5.317801423322049414e-02 5.263307734177416486e-02 4.299692028498044993e-02 3.815562351386128648e-02 3.542776957056587017e-02 2.515636392671494193e-02 1.948758331650396122e-02 9.999298210793192143e-03 -1.145934385808780685e-03 -1.135799946641311182e-02 -2.119597180256454355e-02 -3.207526718629073736e-02 -4.220091748697519379e-02 -5.304828244733377635e-02 -6.435991905936411239e-02
7.509132906556599540e-02 8.400803983849335077e-02 7.722356535078166162e-02 7.363112827135126492e-02 7.000322965259817010e-02 6.853464706704109899e-02 5.831968498701931014e-02 5.492750489705761768e-02 5.271335033141155701e-02 4.845463150333668978e-02 3.517718129852025893e-02 3.251480775008099011e-02 2.618608231118996557e-02 1.410022860406289283e-02 5.720802083367141841e-03 -4.845696738561478499e-03 -1.367562842383098463e-02 -2.396020529940185925e-02 -3.341891935627760296e-02 -4.428282776316291164e-02
8.224845868105365443e-02 9.054307755149253178e-02 8.526426141644342926e-02 8.197926310996171695e-02 7.918155881717535427e-02 7.124492062495550726e-02 7.286731340503473098e-02 6.395116451955945580e-02 5.754076992982531946e-02 5.480766669355654347e-02 4.570200710949597067e-02 3.795181719939880877e-02 3.731175218040182900e-02 2.959913963633079362e-02 1.889545778144786567e-02 9.531051013724495952e-03 2.767957003649697007e-03 -6.112297203161812936e-03 -1.461578241688657985e-02 -2.576750716394600807e-02
1.027090508307839517e-01 9.361148277277490937e-02 9.074337322855348387e-02 9.224626040346763090e-02 9.397477423483013848e-02 8.508531003508754131e-02 8.450395759882103897e-02 7.618232195071034107e-02 7.272237094153873038e-02 6.047618261598716044e-02 6.285501619610131541e-02 5.681610778745777718e-02 4.554586264726420697e-02 3.666192587567205369e-02 3.220433908674696921e-02 2.478723915207753370e-02 1.623878538299515853e-02 1.496325224392993855e-02 2.605137077701919109e-03 -6.804398664061605748e-03
1.013775804574716943e-01 9.939319918772140938e-02 1.016504987173908747e-01 1.013093027540552249e-01 1.009177567833100253e-01 8.555432850242068732e-02 8.819876310056166957e-02 8.492569633429002118e-02 7.189268022148331827e-02 7.115954844775890242e-02 7.241411718274727571e-02 6.150709135587133919e-02 5.815962427605670532e-02 5.311070586096597324e-02 4.886517149003632987e-02 4.089761168518028095e-02 2.811861286452018924e-02 2.429326156803985823e-02 1.906765058752479813e-02 6.895579943298669849e-03
1.084369495089537450e-01 1.104108958573940674e-01 1.050349027763701204e-01 1.105597315913061096e-01 1.102245981448909951e-01 1.025956038145168087e-01 9.540941163194566199e-02 9.114346164860748223e-02 9.000011603800932292e-02 8.370389598708413703e-02 8.717089445296660744e-02 6.651451660228793750e-02 6.729244132575178117e-02 6.686855905769514830e-02 6.255123938208231871e-02 5.066562555953929570e-02 4.005363694920406614e-02 3.744062552944422279e-02 2.754300776638405474e-02 2.246020718156069990e-02
1.196614432540890754e-01 1.138694090455350527e-01 1.110177203365084186e-01 1.183514230870468809e-01 1.161292292364508316e-01 1.124709865596711378e-01 1.053406592276057430e-01 1.053006806094157755e-01 9.544195269107721979e-02 9.284466218623529943e-02 9.319377244754825651e-02 8.837373885957840181e-02 7.999202472681907206e-02 7.401894431040333122e-02 6.773710840456241555e-02 7.345236655419476457e-02 6.774963049328089348e-02 4.791240531131298747e-02 4.063040732141556810e-02 4.113702137553673643e-02
1.223298213628787323e-01 1.281687194986707024e-01 1.205578567417914526e-01 1.278692224796518784e-01 1.196917611625732403e-01 1.176773680650031739e-01 1.218108901312543180e-01 1.180073763322343622e-01 1.055459651435248641e-01 1.113248160237252649e-01 9.849854864968871082e-02 9.675227094582107557e-02 8.788968185933787591e-02 8.537642237644255117e-02 8.281001431872296592e-02 7.974770187412816291e-02 7.019688313118105372e-02 5.637719885726520663e-02 6.118201721174344743e-02 5.019802346241721697e-02
1.344648800903524011e-01 1.352668853950521888e-01 1.349782600976381641e-01 1.316415838631404822e-01 1.257485118202148477e-01 1.249644160938649939e-01 1.144706683612544545e-01 1.188407257366783931e-01 1.139483076275059625e-01 1.107028215977214625e-01 1.132859052008143713e-01 1.042392052694763316e-01 9.666886412707555165e-02 9.809218053614317256e-02 8.678550111330705918e-02 8.183551094005904469e-02 8.441022512650482590e-02 7.304324496890088336e-02 6.287669528720475631e-02 6.554398387240507884e-02
1.355728458923766977e-01 1.413376030662880922e-01 1.343985646340926099e-01 1.316925932713482739e-01 1.277186054479722555e-01 1.355536819270190263e-01 1.265313917272047339e-01 1.295128199730785912e-01 1.253361118444107081e-01 1.211153642056992663e-01 1.202613862573335829e-01 1.069100666101719527e-01 1.121097099676130471e-01 9.759528908520394286e-02 1.050810536175403459e-01 1.002620260495959703e-01 9.220457808584697768e-02 8.901846149626392590e-02 7.575690706243085049e-02 7.155370132811719741e-02
